Num Cols: [23]
Cat Cols: [3, 5, 9]
Null Rows: []
Dirty Rows: []
16935, 0, 5.770885
16936, 0, 5.597265
16937, 0, 5.477901
26023, 0, 5.217471
26024, 0, 5.217471
26025, 0, 5.217471
26026, 0, 5.217471
16934, 0, 4.848529
26010, 0, 4.805124
26011, 0, 4.805124
26012, 0, 4.805124
26027, 0, 4.783422
26028, 0, 4.783422
26007, 0, 4.761719
26008, 0, 4.761719
26009, 0, 4.761719
16932, 0, 4.653207
16933, 0, 4.653207
26017, 0, 4.447033
26018, 0, 4.447033
26015, 0, 4.349372
26016, 0, 4.327670
26019, 0, 4.327670
26020, 0, 4.327670
26013, 0, 4.305967
26014, 0, 4.305967
26021, 0, 4.295116
26022, 0, 4.284265
16938, 0, 3.763405
16939, 0, 3.763405
11549, 0, 3.502975
11547, 0, 3.405314
11548, 0, 3.405314
16940, 0, 3.383612
16941, 0, 3.340207
14406, 0, 3.177438
14407, 0, 3.177438
11561, 0, 3.112331
11562, 0, 3.112331
16929, 0, 2.917008
16930, 0, 2.917008
16931, 0, 2.917008
11552, 0, 2.862752
11557, 0, 2.862752
11558, 0, 2.862752
21390, 0, 2.830198
8906, 0, 2.808496
8907, 0, 2.808496
8904, 0, 2.797645
8905, 0, 2.797645
11559, 0, 2.786793
11560, 0, 2.786793
21388, 0, 2.743388
21389, 0, 2.743388
11555, 0, 2.732537
11556, 0, 2.732537
11551, 0, 2.699983
11553, 0, 2.699983
11554, 0, 2.699983
11550, 0, 2.667430
11768, 0, 2.624025
11769, 0, 2.624025
11770, 0, 2.624025
14402, 0, 2.580620
14403, 0, 2.580620
14404, 0, 2.526364
14405, 0, 2.526364
22819, 0, 2.439554
22820, 0, 2.439554
8898, 0, 2.233380
8897, 0, 2.211678
20580, 0, 2.211678
20581, 0, 2.211678
20582, 0, 2.211678
8899, 0, 2.200826
8908, 0, 2.189975
8909, 0, 2.189975
21385, 0, 2.157421
21386, 0, 2.157421
21387, 0, 2.157421
8902, 0, 2.146570
8900, 0, 2.124868
8901, 0, 2.124868
11771, 0, 2.124868
11772, 0, 2.124868
11773, 0, 2.124868
8903, 0, 2.092314
11070, 0, 2.081463
11071, 0, 2.081463
11072, 0, 2.081463
22817, 0, 1.940397
22818, 0, 1.940397
22815, 0, 1.907843
22816, 0, 1.907843
14398, 0, 1.896992
14399, 0, 1.896992
11544, 0, 1.886140
11545, 0, 1.886140
11546, 0, 1.886140
22811, 0, 1.886140
22812, 0, 1.886140
14400, 0, 1.864438
22813, 0, 1.853587
22814, 0, 1.853587
20577, 0, 1.842735
20578, 0, 1.842735
20579, 0, 1.842735
14401, 0, 1.821033
11541, 0, 1.810182
11542, 0, 1.810182
11543, 0, 1.810182
21396, 0, 1.810182
11067, 0, 1.777628
11068, 0, 1.777628
11069, 0, 1.777628
21397, 0, 1.766777
20585, 0, 1.745074
20583, 0, 1.723372
20584, 0, 1.723372
21394, 0, 1.723372
21395, 0, 1.723372
22808, 0, 1.625711
2974, 0, 1.614859
2975, 0, 1.614859
18325, 0, 1.571454
18326, 0, 1.571454
21391, 0, 1.560603
22807, 0, 1.560603
22809, 0, 1.560603
18327, 0, 1.549752
21382, 0, 1.549752
21383, 0, 1.549752
21384, 0, 1.549752
22805, 0, 1.549752
22806, 0, 1.549752
16926, 0, 1.538901
16927, 0, 1.538901
16928, 0, 1.538901
22810, 0, 1.538901
2970, 0, 1.441240
2971, 0, 1.441240
2972, 0, 1.441240
2973, 0, 1.441240
14397, 0, 1.430388
21392, 0, 1.430388
11777, 0, 1.419537
14396, 0, 1.408686
21402, 0, 1.408686
21403, 0, 1.408686
14395, 0, 1.397835
25084, 0, 1.397835
25085, 0, 1.397835
25086, 0, 1.397835
21393, 0, 1.386983
16946, 0, 1.376132
16947, 0, 1.376132
20624, 0, 1.376132
20625, 0, 1.376132
20626, 0, 1.376132
11778, 0, 1.321876
11779, 0, 1.321876
21490, 0, 1.300173
21491, 0, 1.300173
18252, 0, 1.289322
18253, 0, 1.289322
18328, 0, 1.278471
21482, 0, 1.278471
21483, 0, 1.278471
21484, 0, 1.267620
2966, 0, 1.256768
2967, 0, 1.256768
2926, 1, 1.250551
2927, 1, 1.250551
4774, 1, 1.250551
22347, 1, 1.250551
23813, 1, 1.250551
23814, 1, 1.250551
4773, 0, 1.249868
11525, 0, 1.249868
11526, 0, 1.249868
11527, 0, 1.249868
19380, 0, 1.249868
19381, 0, 1.249868
19382, 0, 1.249868
18330, 0, 1.245917
18185, 1, 1.239700
19386, 1, 1.239700
20072, 1, 1.239700
20073, 1, 1.239700
22345, 1, 1.239700
22346, 1, 1.239700
11539, 0, 1.239017
11540, 0, 1.239017
2968, 0, 1.235066
2969, 0, 1.235066
18254, 0, 1.235066
21485, 0, 1.235066
11535, 1, 1.228849
11536, 1, 1.228849
22210, 1, 1.228849
22211, 1, 1.228849
22212, 1, 1.228849
23287, 1, 1.228849
23288, 1, 1.228849
23289, 1, 1.228849
23620, 1, 1.228849
23621, 1, 1.228849
23622, 1, 1.228849
23659, 1, 1.228849
23660, 1, 1.228849
23811, 0, 1.228166
23812, 0, 1.228166
18322, 0, 1.224215
18323, 0, 1.224215
18324, 0, 1.224215
18331, 0, 1.224215
18332, 0, 1.224215
3337, 1, 1.217998
12912, 1, 1.217998
23805, 1, 1.217998
20463, 0, 1.217314
20464, 0, 1.217314
21344, 0, 1.217314
21345, 0, 1.217314
21346, 0, 1.217314
22339, 0, 1.217314
22340, 0, 1.217314
22341, 0, 1.217314
23532, 0, 1.217314
23533, 0, 1.217314
23534, 0, 1.217314
11073, 0, 1.213364
11074, 0, 1.213364
18329, 0, 1.213364
18334, 0, 1.213364
2922, 1, 1.207146
2923, 1, 1.207146
5625, 1, 1.207146
5626, 1, 1.207146
5627, 1, 1.207146
20443, 1, 1.207146
20444, 1, 1.207146
21341, 1, 1.207146
21342, 1, 1.207146
21343, 1, 1.207146
23671, 1, 1.207146
2928, 0, 1.206463
2929, 0, 1.206463
3335, 0, 1.206463
3336, 0, 1.206463
14455, 0, 1.206463
14456, 0, 1.206463
14457, 0, 1.206463
20046, 0, 1.206463
20047, 0, 1.206463
20048, 0, 1.206463
20049, 0, 1.206463
23804, 0, 1.206463
23871, 0, 1.206463
23876, 0, 1.206463
21400, 0, 1.202512
21401, 0, 1.202512
20448, 1, 1.196295
20449, 1, 1.196295
20450, 1, 1.196295
22975, 1, 1.196295
22976, 1, 1.196295
22977, 1, 1.196295
23806, 1, 1.196295
5424, 0, 1.195612
5425, 0, 1.195612
5426, 0, 1.195612
18333, 0, 1.191661
20630, 0, 1.191661
12911, 1, 1.185444
22865, 1, 1.185444
22866, 1, 1.185444
22867, 1, 1.185444
23537, 1, 1.185444
24949, 1, 1.185444
24950, 1, 1.185444
24951, 1, 1.185444
20042, 0, 1.184761
20043, 0, 1.184761
20044, 0, 1.184761
20045, 0, 1.184761
20461, 0, 1.184761
20462, 0, 1.184761
20631, 0, 1.180810
20632, 0, 1.180810
2924, 1, 1.174593
2925, 1, 1.174593
7368, 1, 1.174593
7369, 1, 1.174593
11537, 1, 1.174593
11538, 1, 1.174593
18186, 1, 1.174593
19383, 1, 1.174593
19384, 1, 1.174593
19388, 1, 1.174593
19980, 1, 1.174593
19981, 1, 1.174593
19982, 1, 1.174593
19983, 1, 1.174593
23535, 1, 1.174593
23536, 1, 1.174593
23672, 1, 1.174593
19630, 0, 1.173909
23541, 0, 1.173909
23542, 0, 1.173909
23875, 0, 1.173909
3338, 1, 1.163741
7370, 1, 1.163741
11533, 1, 1.163741
19387, 1, 1.163741
6141, 0, 1.163058
6142, 0, 1.163058
6143, 0, 1.163058
23637, 0, 1.163058
23638, 0, 1.163058
23673, 0, 1.163058
23674, 0, 1.163058
2930, 1, 1.152890
2931, 1, 1.152890
11531, 1, 1.152890
11532, 1, 1.152890
19385, 1, 1.152890
22207, 1, 1.152890
22208, 1, 1.152890
22209, 1, 1.152890
22863, 1, 1.152890
22864, 1, 1.152890
23540, 1, 1.152890
5427, 0, 1.152207
5428, 0, 1.152207
5429, 0, 1.152207
19629, 0, 1.152207
23290, 0, 1.152207
23291, 0, 1.152207
23292, 0, 1.152207
23873, 0, 1.152207
23874, 0, 1.152207
11076, 1, 1.142039
11534, 1, 1.142039
22342, 1, 1.142039
22343, 1, 1.142039
22344, 1, 1.142039
23529, 1, 1.142039
23530, 1, 1.142039
23531, 1, 1.142039
11636, 0, 1.141356
11637, 0, 1.141356
11638, 0, 1.141356
23549, 0, 1.141356
23550, 0, 1.141356
23675, 0, 1.141356
2592, 1, 1.131188
8951, 1, 1.131188
8952, 1, 1.131188
8953, 1, 1.131188
23539, 1, 1.131188
25895, 1, 1.131188
25896, 1, 1.131188
21398, 0, 1.126554
21399, 0, 1.126554
22989, 0, 1.126554
22990, 0, 1.126554
2586, 1, 1.120336
2587, 1, 1.120336
2588, 1, 1.120336
12812, 1, 1.120336
12813, 1, 1.120336
12814, 1, 1.120336
19994, 1, 1.120336
25891, 1, 1.120336
25892, 1, 1.120336
4771, 0, 1.119653
4772, 0, 1.119653
17145, 0, 1.119653
17146, 0, 1.119653
17147, 0, 1.119653
17238, 0, 1.119653
17239, 0, 1.119653
17240, 0, 1.119653
19591, 0, 1.119653
19592, 0, 1.119653
22987, 0, 1.115702
22988, 0, 1.115702
5642, 1, 1.109485
5643, 1, 1.109485
8882, 1, 1.109485
8883, 1, 1.109485
12910, 1, 1.109485
19127, 1, 1.109485
19128, 1, 1.109485
19992, 1, 1.109485
19993, 1, 1.109485
22010, 1, 1.109485
22011, 1, 1.109485
23375, 1, 1.109485
23376, 1, 1.109485
23377, 1, 1.109485
5632, 0, 1.108802
5633, 0, 1.108802
5640, 0, 1.108802
5641, 0, 1.108802
23378, 0, 1.108802
23379, 0, 1.108802
23380, 0, 1.108802
23676, 0, 1.108802
23872, 0, 1.108802
21479, 0, 1.104851
6138, 1, 1.098634
6139, 1, 1.098634
6140, 1, 1.098634
8884, 1, 1.098634
8885, 1, 1.098634
19625, 1, 1.098634
19626, 1, 1.098634
25743, 1, 1.098634
25744, 1, 1.098634
25745, 1, 1.098634
25831, 1, 1.098634
25832, 1, 1.098634
25833, 1, 1.098634
5631, 0, 1.097951
5638, 0, 1.097951
5639, 0, 1.097951
20489, 0, 1.097951
20490, 0, 1.097951
20491, 0, 1.097951
23543, 0, 1.097951
23544, 0, 1.097951
23870, 0, 1.097951
24031, 0, 1.097951
24032, 0, 1.097951
24583, 0, 1.097951
24584, 0, 1.097951
24585, 0, 1.097951
11782, 0, 1.094000
11783, 0, 1.094000
25093, 0, 1.094000
25094, 0, 1.094000
2593, 1, 1.087783
2594, 1, 1.087783
24952, 1, 1.087783
24953, 1, 1.087783
24954, 1, 1.087783
18261, 0, 1.087099
19639, 0, 1.087099
19640, 0, 1.087099
18806, 0, 1.083149
18807, 0, 1.083149
18808, 0, 1.083149
3329, 1, 1.076931
3330, 1, 1.076931
3331, 1, 1.076931
22787, 1, 1.076931
22788, 1, 1.076931
25834, 1, 1.076931
25835, 1, 1.076931
25836, 1, 1.076931
3334, 0, 1.076248
3343, 0, 1.076248
3344, 0, 1.076248
11642, 0, 1.076248
11643, 0, 1.076248
11644, 0, 1.076248
19593, 0, 1.076248
19594, 0, 1.076248
22995, 0, 1.072297
22996, 0, 1.072297
25095, 0, 1.072297
18171, 1, 1.066080
18172, 1, 1.066080
18173, 1, 1.066080
19125, 1, 1.066080
19126, 1, 1.066080
19377, 1, 1.066080
19378, 1, 1.066080
19379, 1, 1.066080
23625, 1, 1.066080
3332, 0, 1.065397
3333, 0, 1.065397
5634, 0, 1.065397
5635, 0, 1.065397
11639, 0, 1.065397
11640, 0, 1.065397
11641, 0, 1.065397
23677, 0, 1.065397
23678, 0, 1.065397
25749, 0, 1.065397
25750, 0, 1.065397
12921, 1, 1.055229
12922, 1, 1.055229
18187, 1, 1.055229
18188, 1, 1.055229
19918, 1, 1.055229
19919, 1, 1.055229
20492, 1, 1.055229
20493, 1, 1.055229
20494, 1, 1.055229
22018, 1, 1.055229
22019, 1, 1.055229
24955, 1, 1.055229
24956, 1, 1.055229
5636, 0, 1.054546
5637, 0, 1.054546
18183, 0, 1.054546
18184, 0, 1.054546
19628, 0, 1.054546
21480, 0, 1.050595
25096, 0, 1.050595
4847, 1, 1.044378
4848, 1, 1.044378
4849, 1, 1.044378
5622, 1, 1.044378
5623, 1, 1.044378
5624, 1, 1.044378
9389, 1, 1.044378
9390, 1, 1.044378
9391, 1, 1.044378
9392, 1, 1.044378
14452, 1, 1.044378
14453, 1, 1.044378
14454, 1, 1.044378
19627, 1, 1.044378
19976, 1, 1.044378
19977, 1, 1.044378
23538, 1, 1.044378
23763, 1, 1.044378
23764, 1, 1.044378
23765, 1, 1.044378
3341, 0, 1.043695
3342, 0, 1.043695
7371, 0, 1.043695
25755, 0, 1.043695
25756, 0, 1.043695
11075, 0, 1.039744
21481, 0, 1.039744
22719, 0, 1.039744
4863, 1, 1.033526
4864, 1, 1.033526
20002, 1, 1.033526
20003, 1, 1.033526
22785, 1, 1.033526
23766, 1, 1.033526
24586, 1, 1.033526
24587, 1, 1.033526
24588, 1, 1.033526
24957, 1, 1.033526
22717, 0, 1.028892
22718, 0, 1.028892
3026, 1, 1.022675
3027, 1, 1.022675
3028, 1, 1.022675
4850, 1, 1.022675
4851, 1, 1.022675
4852, 1, 1.022675
19978, 1, 1.022675
19979, 1, 1.022675
23670, 1, 1.022675
25893, 1, 1.022675
25894, 1, 1.022675
18260, 0, 1.021992
19634, 0, 1.021992
23943, 0, 1.021992
23944, 0, 1.021992
11780, 0, 1.018041
11781, 0, 1.018041
4865, 1, 1.011824
4866, 1, 1.011824
18189, 1, 1.011824
18190, 1, 1.011824
23635, 1, 1.011824
23636, 1, 1.011824
19631, 0, 1.011141
19632, 0, 1.011141
19633, 0, 1.011141
25758, 0, 1.011141
8876, 1, 1.000973
12068, 1, 1.000973
12069, 1, 1.000973
18784, 1, 1.000973
18785, 1, 1.000973
18786, 1, 1.000973
20004, 1, 1.000973
20005, 1, 1.000973
22783, 1, 1.000973
22784, 1, 1.000973
22853, 1, 1.000973
26426, 1, 1.000973
26427, 1, 1.000973
26428, 1, 1.000973
7372, 0, 1.000290
19575, 0, 1.000290
19576, 0, 1.000290
19577, 0, 1.000290
25751, 0, 1.000290
11788, 1, 0.990122
11789, 1, 0.990122
22854, 1, 0.990122
23623, 1, 0.990122
23624, 1, 0.990122
23771, 1, 0.990122
23772, 1, 0.990122
25757, 0, 0.989438
18809, 0, 0.985487
18810, 0, 0.985487
8877, 1, 0.979270
19389, 1, 0.979270
19390, 1, 0.979270
19391, 1, 0.979270
22786, 1, 0.979270
23633, 1, 0.979270
23634, 1, 0.979270
7373, 0, 0.978587
11522, 1, 0.968419
11523, 1, 0.968419
11524, 1, 0.968419
14462, 1, 0.968419
14463, 1, 0.968419
20006, 1, 0.968419
20007, 1, 0.968419
12652, 0, 0.967736
12653, 0, 0.967736
12654, 0, 0.967736
19581, 0, 0.967736
19582, 0, 0.967736
19583, 0, 0.967736
23587, 0, 0.963785
25091, 0, 0.963785
25101, 0, 0.963785
25102, 0, 0.963785
8362, 1, 0.957568
8363, 1, 0.957568
8366, 1, 0.957568
8367, 1, 0.957568
8875, 1, 0.957568
12066, 1, 0.957568
12067, 1, 0.957568
14461, 1, 0.957568
23809, 1, 0.957568
23810, 1, 0.957568
11265, 0, 0.956885
11266, 0, 0.956885
11267, 0, 0.956885
23573, 0, 0.956885
23574, 0, 0.956885
23575, 0, 0.956885
26113, 0, 0.952934
26114, 0, 0.952934
3030, 1, 0.946717
3031, 1, 0.946717
8364, 1, 0.946717
8365, 1, 0.946717
19392, 1, 0.946717
22852, 1, 0.946717
24051, 1, 0.946717
24052, 1, 0.946717
22802, 0, 0.942082
22803, 0, 0.942082
22804, 0, 0.942082
23585, 0, 0.942082
23586, 0, 0.942082
23588, 0, 0.942082
3029, 1, 0.935865
8360, 1, 0.935865
8361, 1, 0.935865
11702, 1, 0.935865
11703, 1, 0.935865
11704, 1, 0.935865
18177, 1, 0.935865
18178, 1, 0.935865
18179, 1, 0.935865
18191, 1, 0.935865
18192, 1, 0.935865
19133, 1, 0.935865
19134, 1, 0.935865
19984, 1, 0.935865
19985, 1, 0.935865
20062, 1, 0.935865
20497, 1, 0.935865
23653, 1, 0.935865
23654, 1, 0.935865
19531, 0, 0.935182
19532, 0, 0.935182
19533, 0, 0.935182
19590, 0, 0.935182
20439, 0, 0.935182
20440, 0, 0.935182
20441, 0, 0.935182
20442, 0, 0.935182
20495, 1, 0.925014
20496, 1, 0.925014
23664, 1, 0.925014
23665, 1, 0.925014
23666, 1, 0.925014
23667, 1, 0.925014
23668, 1, 0.925014
23669, 1, 0.925014
22351, 0, 0.924331
22352, 0, 0.924331
22859, 0, 0.924331
22860, 0, 0.924331
16942, 0, 0.920380
16943, 0, 0.920380
22720, 0, 0.920380
25092, 0, 0.920380
3323, 1, 0.914163
3324, 1, 0.914163
3325, 1, 0.914163
19131, 1, 0.914163
19132, 1, 0.914163
22213, 1, 0.914163
22214, 1, 0.914163
23807, 1, 0.914163
23808, 1, 0.914163
24023, 1, 0.914163
24024, 1, 0.914163
26423, 1, 0.914163
26424, 1, 0.914163
26425, 1, 0.914163
19637, 0, 0.913480
19638, 0, 0.913480
20460, 0, 0.913480
8894, 0, 0.909529
8895, 0, 0.909529
18319, 0, 0.909529
18320, 0, 0.909529
18321, 0, 0.909529
18811, 0, 0.909529
22721, 0, 0.909529
2595, 1, 0.903312
2596, 1, 0.903312
18856, 1, 0.903312
18857, 1, 0.903312
18858, 1, 0.903312
19129, 1, 0.903312
19130, 1, 0.903312
19908, 1, 0.903312
20063, 1, 0.903312
20434, 1, 0.903312
22215, 1, 0.903312
23293, 1, 0.903312
23294, 1, 0.903312
24025, 1, 0.903312
24026, 1, 0.903312
24049, 1, 0.903312
24050, 1, 0.903312
19587, 0, 0.902628
19588, 0, 0.902628
8891, 0, 0.898678
8892, 0, 0.898678
8893, 0, 0.898678
8896, 0, 0.898678
22722, 0, 0.898678
20433, 1, 0.892460
23754, 1, 0.892460
23755, 1, 0.892460
23756, 1, 0.892460
19503, 0, 0.891777
19504, 0, 0.891777
19589, 0, 0.891777
20459, 0, 0.891777
23679, 0, 0.891777
23680, 0, 0.891777
23820, 0, 0.887826
23821, 0, 0.887826
23822, 0, 0.887826
26111, 0, 0.887826
26112, 0, 0.887826
4867, 1, 0.881609
4868, 1, 0.881609
18174, 1, 0.881609
18175, 1, 0.881609
18176, 1, 0.881609
20064, 1, 0.881609
20065, 1, 0.881609
20066, 1, 0.881609
20432, 1, 0.881609
3339, 0, 0.880926
3340, 0, 0.880926
18258, 0, 0.880926
18259, 0, 0.880926
23576, 0, 0.880926
23577, 0, 0.880926
23578, 0, 0.880926
3032, 1, 0.870758
3033, 1, 0.870758
18181, 1, 0.870758
18182, 1, 0.870758
20067, 1, 0.870758
22780, 1, 0.870758
22781, 1, 0.870758
22782, 1, 0.870758
23651, 1, 0.870758
23652, 1, 0.870758
19635, 0, 0.870075
19636, 0, 0.870075
22354, 0, 0.870075
23383, 0, 0.870075
25090, 0, 0.866124
6152, 1, 0.859907
6153, 1, 0.859907
20199, 1, 0.859907
20200, 1, 0.859907
20201, 1, 0.859907
23295, 1, 0.859907
23649, 1, 0.859907
19595, 0, 0.859223
19596, 0, 0.859223
22267, 0, 0.859223
22268, 0, 0.859223
22861, 0, 0.859223
22862, 0, 0.859223
22714, 0, 0.855273
22715, 0, 0.855273
22716, 0, 0.855273
3034, 1, 0.849055
3035, 1, 0.849055
12815, 1, 0.849055
12816, 1, 0.849055
23617, 1, 0.849055
23618, 1, 0.849055
23619, 1, 0.849055
23650, 1, 0.849055
20457, 0, 0.848372
20458, 0, 0.848372
22348, 0, 0.848372
23861, 0, 0.848372
23862, 0, 0.848372
23863, 0, 0.848372
2597, 1, 0.838204
12074, 1, 0.838204
12075, 1, 0.838204
18180, 1, 0.838204
20058, 1, 0.838204
20059, 1, 0.838204
20061, 1, 0.838204
20499, 1, 0.838204
20500, 1, 0.838204
25927, 1, 0.838204
22353, 0, 0.837521
23302, 0, 0.837521
23381, 0, 0.837521
23382, 0, 0.837521
20629, 0, 0.833570
23817, 0, 0.833570
23818, 0, 0.833570
23819, 0, 0.833570
2598, 1, 0.827353
6150, 1, 0.827353
6151, 1, 0.827353
8948, 1, 0.827353
8949, 1, 0.827353
8950, 1, 0.827353
19909, 1, 0.827353
20498, 1, 0.827353
22216, 1, 0.827353
22777, 1, 0.827353
22778, 1, 0.827353
22779, 1, 0.827353
25925, 1, 0.827353
25926, 1, 0.827353
23815, 0, 0.826670
23816, 0, 0.826670
25761, 0, 0.826670
25762, 0, 0.826670
20627, 0, 0.822719
20628, 0, 0.822719
9393, 1, 0.816502
9394, 1, 0.816502
18862, 1, 0.816502
18863, 1, 0.816502
19907, 1, 0.816502
21338, 1, 0.816502
21339, 1, 0.816502
21340, 1, 0.816502
23305, 1, 0.816502
23306, 1, 0.816502
23938, 1, 0.816502
24967, 1, 0.816502
24968, 1, 0.816502
20445, 0, 0.815818
20446, 0, 0.815818
20447, 0, 0.815818
9381, 1, 0.805650
23389, 1, 0.805650
23390, 1, 0.805650
23661, 1, 0.805650
23662, 1, 0.805650
23663, 1, 0.805650
23937, 1, 0.805650
22978, 0, 0.804967
22979, 0, 0.804967
22980, 0, 0.804967
18413, 0, 0.801016
9383, 1, 0.794799
11077, 1, 0.794799
11078, 1, 0.794799
12915, 1, 0.794799
12916, 1, 0.794799
19641, 1, 0.794799
19642, 1, 0.794799
19643, 1, 0.794799
19914, 1, 0.794799
19915, 1, 0.794799
20060, 1, 0.794799
23303, 1, 0.794799
23304, 1, 0.794799
19547, 0, 0.794116
19548, 0, 0.794116
19586, 0, 0.794116
20039, 0, 0.794116
23299, 0, 0.794116
23300, 0, 0.794116
18411, 0, 0.790165
18412, 0, 0.790165
5628, 1, 0.783948
5629, 1, 0.783948
5630, 1, 0.783948
18419, 1, 0.783948
18823, 1, 0.783948
18824, 1, 0.783948
22741, 1, 0.783948
23798, 1, 0.783948
23799, 1, 0.783948
23800, 1, 0.783948
23935, 1, 0.783948
23936, 1, 0.783948
23301, 0, 0.783265
25746, 0, 0.783265
25747, 0, 0.783265
25748, 0, 0.783265
25759, 0, 0.783265
25760, 0, 0.783265
18249, 0, 0.779314
18250, 0, 0.779314
18251, 0, 0.779314
22727, 0, 0.779314
22728, 0, 0.779314
2589, 1, 0.773097
2590, 1, 0.773097
4504, 1, 0.773097
4505, 1, 0.773097
4506, 1, 0.773097
9379, 1, 0.773097
9380, 1, 0.773097
9384, 1, 0.773097
14472, 1, 0.773097
14473, 1, 0.773097
19367, 1, 0.773097
19368, 1, 0.773097
20082, 1, 0.773097
22001, 1, 0.773097
22002, 1, 0.773097
22003, 1, 0.773097
22217, 1, 0.773097
22855, 1, 0.773097
22856, 1, 0.773097
23751, 1, 0.773097
23752, 1, 0.773097
23753, 1, 0.773097
12677, 0, 0.772414
12678, 0, 0.772414
12679, 0, 0.772414
19539, 0, 0.772414
19578, 0, 0.772414
19579, 0, 0.772414
19580, 0, 0.772414
19584, 0, 0.772414
19585, 0, 0.772414
20040, 0, 0.772414
22269, 0, 0.772414
22270, 0, 0.772414
18417, 1, 0.762245
18418, 1, 0.762245
19370, 1, 0.762245
20080, 1, 0.762245
20081, 1, 0.762245
21350, 1, 0.762245
21351, 1, 0.762245
22218, 1, 0.762245
20543, 0, 0.761562
22349, 0, 0.761562
18098, 0, 0.757611
8978, 1, 0.751394
11746, 1, 0.751394
11747, 1, 0.751394
11748, 1, 0.751394
19369, 1, 0.751394
20074, 1, 0.751394
20075, 1, 0.751394
20076, 1, 0.751394
23760, 1, 0.751394
23762, 1, 0.751394
19537, 0, 0.750711
19538, 0, 0.750711
19549, 0, 0.750711
19550, 0, 0.750711
19569, 0, 0.750711
19570, 0, 0.750711
4516, 1, 0.740543
4517, 1, 0.740543
9382, 1, 0.740543
18859, 1, 0.740543
18860, 1, 0.740543
18861, 1, 0.740543
19973, 1, 0.740543
22739, 1, 0.740543
22740, 1, 0.740543
22857, 1, 0.740543
22858, 1, 0.740543
23627, 1, 0.740543
23628, 1, 0.740543
23879, 1, 0.740543
23880, 1, 0.740543
19499, 0, 0.739860
19500, 0, 0.739860
19505, 0, 0.739860
19506, 0, 0.739860
20041, 0, 0.739860
20542, 0, 0.739860
22729, 0, 0.735909
22730, 0, 0.735909
22929, 0, 0.735909
22930, 0, 0.735909
3317, 1, 0.729692
3318, 1, 0.729692
4856, 1, 0.729692
14464, 1, 0.729692
14465, 1, 0.729692
21352, 1, 0.729692
21353, 1, 0.729692
23387, 1, 0.729692
23388, 1, 0.729692
23761, 1, 0.729692
12682, 0, 0.729009
19493, 0, 0.729009
19494, 0, 0.729009
20544, 0, 0.729009
22350, 0, 0.729009
23298, 0, 0.729009
8979, 1, 0.718840
12688, 1, 0.718840
12689, 1, 0.718840
19912, 1, 0.718840
19974, 1, 0.718840
20055, 1, 0.718840
20056, 1, 0.718840
20057, 1, 0.718840
23648, 1, 0.718840
5444, 0, 0.718157
5445, 0, 0.718157
19495, 0, 0.718157
19571, 0, 0.718157
19572, 0, 0.718157
23296, 0, 0.718157
23297, 0, 0.718157
16944, 0, 0.714206
16945, 0, 0.714206
22723, 0, 0.714206
22724, 0, 0.714206
22725, 0, 0.714206
2599, 1, 0.707989
2600, 1, 0.707989
12913, 1, 0.707989
12914, 1, 0.707989
18420, 1, 0.707989
19122, 1, 0.707989
19910, 1, 0.707989
19911, 1, 0.707989
19975, 1, 0.707989
23307, 1, 0.707989
23308, 1, 0.707989
12680, 0, 0.707306
12681, 0, 0.707306
22726, 0, 0.703355
2601, 1, 0.697138
2602, 1, 0.697138
4518, 1, 0.697138
6154, 1, 0.697138
6155, 1, 0.697138
12072, 1, 0.697138
12073, 1, 0.697138
12817, 1, 0.697138
14466, 1, 0.697138
19916, 1, 0.697138
19917, 1, 0.697138
21500, 1, 0.697138
23877, 1, 0.697138
23878, 1, 0.697138
24961, 1, 0.697138
24962, 1, 0.697138
24969, 1, 0.697138
24970, 1, 0.697138
11519, 0, 0.696455
11520, 0, 0.696455
11521, 0, 0.696455
25752, 0, 0.696455
4519, 1, 0.686287
11530, 1, 0.686287
12070, 1, 0.686287
12071, 1, 0.686287
14467, 1, 0.686287
19123, 1, 0.686287
19998, 1, 0.686287
19999, 1, 0.686287
22227, 1, 0.686287
22228, 1, 0.686287
23386, 1, 0.686287
23626, 1, 0.686287
24965, 1, 0.686287
24966, 1, 0.686287
25839, 1, 0.686287
18821, 0, 0.685604
18822, 0, 0.685604
25763, 0, 0.685604
25764, 0, 0.685604
11774, 0, 0.681653
11775, 0, 0.681653
11776, 0, 0.681653
18100, 0, 0.681653
5408, 1, 0.675436
5409, 1, 0.675436
5410, 1, 0.675436
8880, 1, 0.675436
8977, 1, 0.675436
9376, 1, 0.675436
9377, 1, 0.675436
9378, 1, 0.675436
11528, 1, 0.675436
11705, 1, 0.675436
11706, 1, 0.675436
11707, 1, 0.675436
12835, 1, 0.675436
12836, 1, 0.675436
18787, 1, 0.675436
18788, 1, 0.675436
19124, 1, 0.675436
22868, 1, 0.675436
22869, 1, 0.675436
22870, 1, 0.675436
23941, 1, 0.675436
23942, 1, 0.675436
24963, 1, 0.675436
25931, 1, 0.675436
25932, 1, 0.675436
25081, 0, 0.670801
25082, 0, 0.670801
25083, 0, 0.670801
3036, 1, 0.664584
3037, 1, 0.664584
3038, 1, 0.664584
3039, 1, 0.664584
4520, 1, 0.664584
4521, 1, 0.664584
6156, 1, 0.664584
6157, 1, 0.664584
8357, 1, 0.664584
8881, 1, 0.664584
11755, 1, 0.664584
19121, 1, 0.664584
19942, 1, 0.664584
19943, 1, 0.664584
19944, 1, 0.664584
19945, 1, 0.664584
19946, 1, 0.664584
19947, 1, 0.664584
21498, 1, 0.664584
21499, 1, 0.664584
23041, 1, 0.664584
23042, 1, 0.664584
23043, 1, 0.664584
23385, 1, 0.664584
24958, 1, 0.664584
24964, 1, 0.664584
18819, 0, 0.663901
18820, 0, 0.663901
19487, 0, 0.663901
19488, 0, 0.663901
19489, 0, 0.663901
19501, 0, 0.663901
19502, 0, 0.663901
19534, 0, 0.663901
19535, 0, 0.663901
19536, 0, 0.663901
20551, 0, 0.663901
20552, 0, 0.663901
23545, 0, 0.663901
23546, 0, 0.663901
18099, 0, 0.659950
2583, 1, 0.653733
2584, 1, 0.653733
2585, 1, 0.653733
2591, 1, 0.653733
8956, 1, 0.653733
11749, 1, 0.653733
11750, 1, 0.653733
11751, 1, 0.653733
12057, 1, 0.653733
12058, 1, 0.653733
12059, 1, 0.653733
19119, 1, 0.653733
19120, 1, 0.653733
19317, 1, 0.653733
19318, 1, 0.653733
23939, 1, 0.653733
23940, 1, 0.653733
20036, 0, 0.653050
20037, 0, 0.653050
23547, 0, 0.653050
23548, 0, 0.653050
11656, 0, 0.649099
11657, 0, 0.649099
4853, 1, 0.642882
4854, 1, 0.642882
4858, 1, 0.642882
11529, 1, 0.642882
12655, 1, 0.642882
12656, 1, 0.642882
12657, 1, 0.642882
12686, 1, 0.642882
12687, 1, 0.642882
18789, 1, 0.642882
25837, 1, 0.642882
25838, 1, 0.642882
3023, 0, 0.642199
3024, 0, 0.642199
3025, 0, 0.642199
4767, 0, 0.642199
20038, 0, 0.642199
4857, 1, 0.632031
4859, 1, 0.632031
4860, 1, 0.632031
5863, 1, 0.632031
8358, 1, 0.632031
8878, 1, 0.632031
8879, 1, 0.632031
18339, 1, 0.632031
18340, 1, 0.632031
19913, 1, 0.632031
22887, 1, 0.632031
22888, 1, 0.632031
22889, 1, 0.632031
25933, 1, 0.632031
25934, 1, 0.632031
18107, 0, 0.627397
18108, 0, 0.627397
9385, 1, 0.621179
9386, 1, 0.621179
12684, 1, 0.621179
19319, 1, 0.621179
20077, 1, 0.621179
20078, 1, 0.621179
20079, 1, 0.621179
21504, 1, 0.621179
21505, 1, 0.621179
23759, 1, 0.621179
24019, 1, 0.621179
4765, 0, 0.620496
4766, 0, 0.620496
22271, 0, 0.620496
22272, 0, 0.620496
23867, 0, 0.620496
23868, 0, 0.620496
23869, 0, 0.620496
4522, 1, 0.610328
4523, 1, 0.610328
4855, 1, 0.610328
8359, 1, 0.610328
12685, 1, 0.610328
19113, 1, 0.610328
19114, 1, 0.610328
19115, 1, 0.610328
19995, 1, 0.610328
20429, 1, 0.610328
20430, 1, 0.610328
21347, 1, 0.610328
22851, 1, 0.610328
23757, 1, 0.610328
23758, 1, 0.610328
23987, 1, 0.610328
23988, 1, 0.610328
24017, 1, 0.610328
24018, 1, 0.610328
24959, 1, 0.610328
25887, 1, 0.610328
25888, 1, 0.610328
25889, 1, 0.610328
25917, 1, 0.610328
25918, 1, 0.610328
12895, 0, 0.609645
12896, 0, 0.609645
19567, 0, 0.609645
18408, 0, 0.605694
18409, 0, 0.605694
18410, 0, 0.605694
22799, 0, 0.605694
22800, 0, 0.605694
22801, 0, 0.605694
4861, 1, 0.599477
4862, 1, 0.599477
8954, 1, 0.599477
8955, 1, 0.599477
12837, 1, 0.599477
18864, 1, 0.599477
19989, 1, 0.599477
19990, 1, 0.599477
19991, 1, 0.599477
19996, 1, 0.599477
20219, 1, 0.599477
20220, 1, 0.599477
20431, 1, 0.599477
23803, 1, 0.599477
4777, 0, 0.598794
4778, 0, 0.598794
12809, 0, 0.598794
12810, 0, 0.598794
12811, 0, 0.598794
12897, 0, 0.598794
12898, 0, 0.598794
23864, 0, 0.598794
23865, 0, 0.598794
23866, 0, 0.598794
3326, 1, 0.588626
3327, 1, 0.588626
3328, 1, 0.588626
7382, 1, 0.588626
7383, 1, 0.588626
19622, 1, 0.588626
19623, 1, 0.588626
19624, 1, 0.588626
19997, 1, 0.588626
20000, 1, 0.588626
20001, 1, 0.588626
21506, 1, 0.588626
24960, 1, 0.588626
25890, 1, 0.588626
