Num Cols: [23]
Cat Cols: [3, 5, 9]
Null Rows: []
Dirty Rows: []
8500, 0, 2.048632
8501, 0, 2.048632
11627, 0, 1.750543
11629, 0, 1.742486
13391, 0, 1.742486
13392, 0, 1.742486
11624, 0, 1.726374
11625, 0, 1.726374
5136, 0, 1.718317
5137, 0, 1.718317
11626, 0, 1.710261
11628, 0, 1.710261
5134, 0, 1.661922
5135, 0, 1.661922
13389, 0, 1.653865
13390, 0, 1.653865
8496, 0, 1.597470
8497, 0, 1.597470
8498, 0, 1.524962
8499, 0, 1.524962
11618, 0, 1.524962
11619, 0, 1.524962
11620, 0, 1.524962
11638, 0, 1.500792
11639, 0, 1.500792
11621, 0, 1.476623
11622, 0, 1.476623
11623, 0, 1.476623
5132, 0, 1.452454
13381, 0, 1.444397
5130, 0, 1.428284
5131, 0, 1.428284
5133, 0, 1.412171
13379, 0, 1.412171
13380, 0, 1.412171
5138, 0, 1.371889
5139, 0, 1.371889
13393, 0, 1.347720
13394, 0, 1.347720
8492, 0, 1.323550
8493, 0, 1.323550
6750, 0, 1.315494
13340, 0, 1.307437
13339, 0, 1.299381
6748, 0, 1.291324
6749, 0, 1.291324
12163, 0, 1.291324
13337, 0, 1.291324
12162, 0, 1.275211
13335, 0, 1.275211
13336, 0, 1.275211
11863, 0, 1.267155
11864, 0, 1.267155
13413, 0, 1.267155
13414, 0, 1.267155
13473, 0, 1.267155
13474, 0, 1.267155
13407, 0, 1.251042
13408, 0, 1.251042
8494, 0, 1.242986
12161, 0, 1.242986
12168, 0, 1.242986
12169, 0, 1.242986
13338, 0, 1.242986
13405, 0, 1.226873
13410, 0, 1.226873
13411, 0, 1.226873
13412, 0, 1.226873
13475, 0, 1.226873
8495, 0, 1.218816
11633, 0, 1.218816
13409, 0, 1.218816
11632, 0, 1.210760
13476, 0, 1.210760
13406, 0, 1.202703
12170, 0, 1.194647
12171, 0, 1.194647
13415, 0, 1.194647
13416, 0, 1.194647
11630, 0, 1.170477
11631, 0, 1.170477
13404, 0, 1.162421
8491, 0, 1.154365
11855, 0, 1.146308
11856, 0, 1.146308
15052, 0, 1.146308
15053, 0, 1.146308
8490, 0, 1.138252
15050, 0, 1.130195
15051, 0, 1.130195
5128, 0, 1.122139
8483, 0, 1.122139
8484, 0, 1.122139
8485, 0, 1.122139
8489, 0, 1.097969
12160, 0, 1.097969
11857, 0, 1.089913
11858, 0, 1.089913
12158, 0, 1.089913
12159, 0, 1.089913
13344, 0, 1.081856
5129, 0, 1.073800
13343, 0, 1.073800
13341, 0, 1.065743
13342, 0, 1.065743
12663, 0, 1.049630
11846, 0, 1.033518
11847, 0, 1.033518
11848, 0, 1.033518
14037, 0, 1.033518
14038, 0, 1.033518
5127, 0, 1.025461
12661, 0, 1.025461
12662, 0, 1.025461
13332, 0, 1.025461
13333, 0, 1.025461
13334, 0, 1.025461
13385, 0, 1.025461
13386, 0, 1.025461
14035, 0, 1.025461
14036, 0, 1.025461
11636, 0, 1.017405
11637, 0, 1.017405
13387, 0, 1.009348
13388, 0, 1.001292
11852, 0, 0.985179
6756, 0, 0.977122
6753, 0, 0.969066
6757, 0, 0.969066
13868, 0, 0.961009
13869, 0, 0.961009
13870, 0, 0.961009
11851, 0, 0.952953
11854, 0, 0.944896
6754, 0, 0.936840
6755, 0, 0.936840
11849, 0, 0.936840
11850, 0, 0.936840
12658, 0, 0.936840
12659, 0, 0.936840
12660, 0, 0.936840
11634, 0, 0.928783
11635, 0, 0.928783
11853, 0, 0.928783
13373, 0, 0.928783
13374, 0, 0.928783
13375, 0, 0.928783
13376, 0, 0.928783
13377, 0, 0.928783
13378, 0, 0.928783
6762, 0, 0.920727
6763, 0, 0.920727
12155, 0, 0.920727
12156, 0, 0.920727
12157, 0, 0.920727
9979, 0, 0.904614
11599, 0, 0.896558
11600, 0, 0.896558
11601, 0, 0.896558
12097, 0, 0.880445
12095, 0, 0.872388
6752, 0, 0.864332
6884, 0, 0.864332
6885, 0, 0.864332
6886, 0, 0.864332
6751, 0, 0.856275
11616, 0, 0.856275
11617, 0, 0.856275
11859, 0, 0.856275
11860, 0, 0.856275
13481, 0, 0.856275
13482, 0, 0.856275
9980, 0, 0.848219
11843, 0, 0.848219
11844, 0, 0.848219
11845, 0, 0.848219
11174, 1, 0.840184
11175, 1, 0.840184
11514, 1, 0.840184
11515, 1, 0.840184
11530, 1, 0.840184
11531, 1, 0.840184
11532, 1, 0.840184
11839, 1, 0.840184
11840, 1, 0.840184
12186, 1, 0.840184
12187, 1, 0.840184
12979, 1, 0.840184
12980, 1, 0.840184
12096, 0, 0.840162
15034, 0, 0.840162
15035, 0, 0.840162
15036, 0, 0.840162
1575, 0, 0.835582
1576, 0, 0.835582
5146, 0, 0.835582
5147, 0, 0.835582
12702, 0, 0.835582
12703, 0, 0.835582
12704, 0, 0.835582
14029, 0, 0.835582
6871, 1, 0.832128
12188, 1, 0.832128
12194, 1, 0.832128
12195, 1, 0.832128
13442, 1, 0.832128
13443, 1, 0.832128
13444, 1, 0.832128
8486, 0, 0.832106
8487, 0, 0.832106
8488, 0, 0.832106
1747, 0, 0.827526
1748, 0, 0.827526
9973, 0, 0.827526
9974, 0, 0.827526
9975, 0, 0.827526
7505, 1, 0.824071
9948, 1, 0.824071
9949, 1, 0.824071
9950, 1, 0.824071
11176, 1, 0.824071
13978, 1, 0.824071
13979, 1, 0.824071
13980, 1, 0.824071
15002, 1, 0.824071
15003, 1, 0.824071
11861, 0, 0.824049
11862, 0, 0.824049
11546, 0, 0.819469
11547, 0, 0.819469
14028, 0, 0.819469
14030, 0, 0.819469
2892, 1, 0.816015
2893, 1, 0.816015
6498, 1, 0.816015
6499, 1, 0.816015
7474, 1, 0.816015
7475, 1, 0.816015
7476, 1, 0.816015
11194, 1, 0.816015
11516, 1, 0.816015
11868, 1, 0.816015
11869, 1, 0.816015
11870, 1, 0.816015
12189, 1, 0.816015
13151, 1, 0.816015
15004, 1, 0.816015
9981, 0, 0.815993
6902, 0, 0.811413
6903, 0, 0.811413
5158, 1, 0.807959
5159, 1, 0.807959
5160, 1, 0.807959
6838, 1, 0.807959
6839, 1, 0.807959
11198, 1, 0.807959
11548, 1, 0.807959
11549, 1, 0.807959
11821, 1, 0.807959
11822, 1, 0.807959
11823, 1, 0.807959
13150, 1, 0.807959
14027, 1, 0.807959
14922, 1, 0.807959
14923, 1, 0.807959
6742, 0, 0.807937
6743, 0, 0.807937
6744, 0, 0.807937
6758, 0, 0.807937
6759, 0, 0.807937
1561, 1, 0.799902
1562, 1, 0.799902
1563, 1, 0.799902
7503, 1, 0.799902
9986, 1, 0.799902
9987, 1, 0.799902
11177, 1, 0.799902
11199, 1, 0.799902
14971, 0, 0.795300
14972, 0, 0.795300
14973, 0, 0.795300
13146, 1, 0.791846
13147, 1, 0.791846
14025, 1, 0.791846
14026, 1, 0.791846
15005, 1, 0.791846
13907, 0, 0.791824
13908, 0, 0.791824
5143, 0, 0.787244
5144, 0, 0.787244
5145, 0, 0.787244
10879, 0, 0.787244
10880, 0, 0.787244
10881, 0, 0.787244
1769, 1, 0.783789
1770, 1, 0.783789
2392, 1, 0.783789
2393, 1, 0.783789
2394, 1, 0.783789
6900, 1, 0.783789
6901, 1, 0.783789
7504, 1, 0.783789
11195, 1, 0.783789
11829, 1, 0.783789
12981, 1, 0.783789
12982, 1, 0.783789
13148, 1, 0.783789
6745, 0, 0.783767
6746, 0, 0.783767
6747, 0, 0.783767
1571, 0, 0.779187
1572, 0, 0.779187
1573, 0, 0.779187
1574, 0, 0.779187
11903, 0, 0.779187
11904, 0, 0.779187
13934, 0, 0.779187
13935, 0, 0.779187
13936, 0, 0.779187
2894, 1, 0.775733
6872, 1, 0.775733
13149, 1, 0.775733
13993, 1, 0.775733
13994, 1, 0.775733
14932, 1, 0.775733
12092, 0, 0.775711
12093, 0, 0.775711
12166, 0, 0.775711
1517, 0, 0.771131
1518, 0, 0.771131
11171, 0, 0.771131
11905, 0, 0.771131
11906, 0, 0.771131
12971, 0, 0.771131
13143, 0, 0.771131
13144, 0, 0.771131
13145, 0, 0.771131
13751, 0, 0.771131
13752, 0, 0.771131
13753, 0, 0.771131
6873, 1, 0.767676
14946, 1, 0.767676
14947, 1, 0.767676
14948, 1, 0.767676
15010, 1, 0.767676
15011, 1, 0.767676
12167, 0, 0.767654
13403, 0, 0.767654
11193, 0, 0.763074
11511, 0, 0.763074
11512, 0, 0.763074
11513, 0, 0.763074
1749, 1, 0.759620
1750, 1, 0.759620
11196, 1, 0.759620
11197, 1, 0.759620
11877, 1, 0.759620
11878, 1, 0.759620
13154, 1, 0.759620
12094, 0, 0.759598
15054, 0, 0.759598
15055, 0, 0.759598
1519, 0, 0.755018
1520, 0, 0.755018
1521, 0, 0.755018
1522, 0, 0.755018
1731, 0, 0.755018
1732, 0, 0.755018
1733, 0, 0.755018
5148, 0, 0.755018
6482, 1, 0.751563
6483, 1, 0.751563
6849, 1, 0.751563
7477, 1, 0.751563
7478, 1, 0.751563
7479, 1, 0.751563
11172, 0, 0.746961
11173, 0, 0.746961
12111, 0, 0.746961
12112, 0, 0.746961
12113, 0, 0.746961
6500, 1, 0.743507
6870, 1, 0.743507
13140, 1, 0.743507
13141, 1, 0.743507
13142, 1, 0.743507
13991, 1, 0.743507
13992, 1, 0.743507
14944, 1, 0.743507
14945, 1, 0.743507
15037, 0, 0.743485
15038, 0, 0.743485
15039, 0, 0.743485
11837, 0, 0.738905
11838, 0, 0.738905
12969, 0, 0.738905
12970, 0, 0.738905
13445, 0, 0.738905
13446, 0, 0.738905
14976, 0, 0.738905
6850, 1, 0.735450
6851, 1, 0.735450
12196, 1, 0.735450
12197, 1, 0.735450
12198, 1, 0.735450
13155, 1, 0.735450
14930, 1, 0.735450
14931, 1, 0.735450
13837, 0, 0.735428
13838, 0, 0.735428
13903, 0, 0.735428
13904, 0, 0.735428
13965, 0, 0.735428
13966, 0, 0.735428
11915, 0, 0.730848
11916, 0, 0.730848
12653, 0, 0.730848
12654, 0, 0.730848
14974, 0, 0.730848
14975, 0, 0.730848
6852, 1, 0.727394
6853, 1, 0.727394
6854, 1, 0.727394
6855, 1, 0.727394
6868, 1, 0.727394
6869, 1, 0.727394
14949, 1, 0.727394
14950, 1, 0.727394
14951, 1, 0.727394
14998, 1, 0.727394
13361, 0, 0.727372
13890, 0, 0.727372
13891, 0, 0.727372
13892, 0, 0.727372
2515, 0, 0.722792
2516, 0, 0.722792
2517, 0, 0.722792
10746, 0, 0.722792
10747, 0, 0.722792
11917, 0, 0.722792
1734, 1, 0.719337
1735, 1, 0.719337
1736, 1, 0.719337
10891, 1, 0.719337
10892, 1, 0.719337
10894, 1, 0.719337
11827, 1, 0.719337
11828, 1, 0.719337
13121, 1, 0.719337
13122, 1, 0.719337
13123, 1, 0.719337
13349, 0, 0.719315
13350, 0, 0.719315
1762, 0, 0.714735
2386, 0, 0.714735
2387, 0, 0.714735
2388, 0, 0.714735
13431, 1, 0.711281
13432, 1, 0.711281
14912, 1, 0.711281
15078, 1, 0.711281
15079, 1, 0.711281
15080, 1, 0.711281
12106, 0, 0.711259
12107, 0, 0.711259
12164, 0, 0.711259
12165, 0, 0.711259
13359, 0, 0.711259
13362, 0, 0.711259
13382, 0, 0.711259
13967, 0, 0.711259
13968, 0, 0.711259
1763, 0, 0.706679
1764, 0, 0.706679
12150, 0, 0.706679
12151, 0, 0.706679
12649, 0, 0.706679
12650, 0, 0.706679
13776, 0, 0.706679
13777, 0, 0.706679
13778, 0, 0.706679
1558, 1, 0.703225
1559, 1, 0.703225
1560, 1, 0.703225
10893, 1, 0.703225
14913, 1, 0.703225
5140, 0, 0.698622
5141, 0, 0.698622
5142, 0, 0.698622
10888, 0, 0.698622
12699, 0, 0.698622
12700, 0, 0.698622
12701, 0, 0.698622
14532, 0, 0.698622
14533, 0, 0.698622
7374, 1, 0.695168
7375, 1, 0.695168
7376, 1, 0.695168
7534, 1, 0.695168
7535, 1, 0.695168
9988, 1, 0.695168
9989, 1, 0.695168
11879, 1, 0.695168
12680, 1, 0.695168
12681, 1, 0.695168
12682, 1, 0.695168
13158, 1, 0.695168
13159, 1, 0.695168
2990, 0, 0.695146
2991, 0, 0.695146
12669, 0, 0.695146
13384, 0, 0.695146
13401, 0, 0.695146
13402, 0, 0.695146
13956, 0, 0.695146
13957, 0, 0.695146
13958, 0, 0.695146
6843, 0, 0.690566
6844, 0, 0.690566
6845, 0, 0.690566
11518, 0, 0.690566
11519, 0, 0.690566
11919, 0, 0.690566
12693, 0, 0.690566
12694, 0, 0.690566
2391, 1, 0.687112
11880, 1, 0.687112
13152, 1, 0.687112
13153, 1, 0.687112
13429, 1, 0.687112
13430, 1, 0.687112
2992, 0, 0.687090
2993, 0, 0.687090
12667, 0, 0.687090
12668, 0, 0.687090
1555, 0, 0.682509
1556, 0, 0.682509
1557, 0, 0.682509
6840, 0, 0.682509
6841, 0, 0.682509
6842, 0, 0.682509
7401, 0, 0.682509
7528, 0, 0.682509
7529, 0, 0.682509
12651, 0, 0.682509
12652, 0, 0.682509
13086, 0, 0.682509
13087, 0, 0.682509
2389, 1, 0.679055
2390, 1, 0.679055
7524, 1, 0.679055
14935, 1, 0.679055
13383, 0, 0.679033
13395, 0, 0.679033
13396, 0, 0.679033
13397, 0, 0.679033
7399, 0, 0.674453
7400, 0, 0.674453
11918, 0, 0.674453
13112, 0, 0.674453
13113, 0, 0.674453
1565, 1, 0.670999
1566, 1, 0.670999
2895, 1, 0.670999
6818, 1, 0.670999
6819, 1, 0.670999
6820, 1, 0.670999
11424, 1, 0.670999
11425, 1, 0.670999
13939, 1, 0.670999
14939, 1, 0.670999
5106, 0, 0.670977
5107, 0, 0.670977
6760, 0, 0.670977
6761, 0, 0.670977
12152, 0, 0.670977
12153, 0, 0.670977
12154, 0, 0.670977
13357, 0, 0.670977
13358, 0, 0.670977
10889, 0, 0.666397
11523, 0, 0.666397
11920, 0, 0.666397
1564, 1, 0.662942
12216, 1, 0.662942
12217, 1, 0.662942
13136, 1, 0.662942
13137, 1, 0.662942
13937, 1, 0.662942
13938, 1, 0.662942
13983, 1, 0.662942
14934, 1, 0.662942
14938, 1, 0.662942
14996, 1, 0.662942
14997, 1, 0.662942
15059, 1, 0.662942
15060, 1, 0.662942
15061, 1, 0.662942
12670, 0, 0.662920
11643, 0, 0.658340
11644, 0, 0.658340
11645, 0, 0.658340
12695, 0, 0.658340
12696, 0, 0.658340
13089, 0, 0.658340
13439, 0, 0.658340
13440, 0, 0.658340
13441, 0, 0.658340
5166, 1, 0.654886
6484, 1, 0.654886
7532, 1, 0.654886
7533, 1, 0.654886
13138, 1, 0.654886
13139, 1, 0.654886
14891, 1, 0.654886
13492, 0, 0.654864
13905, 0, 0.654864
13906, 0, 0.654864
9963, 0, 0.650284
10882, 0, 0.650284
10883, 0, 0.650284
10884, 0, 0.650284
12705, 0, 0.650284
12706, 0, 0.650284
13447, 0, 0.650284
14986, 0, 0.650284
14987, 0, 0.650284
11524, 1, 0.646829
11525, 1, 0.646829
5105, 0, 0.646807
13360, 0, 0.646807
11533, 0, 0.642227
11534, 0, 0.642227
11535, 0, 0.642227
11660, 0, 0.642227
11661, 0, 0.642227
12211, 0, 0.642227
13088, 0, 0.642227
13090, 0, 0.642227
13091, 0, 0.642227
1771, 1, 0.638773
1772, 1, 0.638773
2896, 1, 0.638773
11422, 1, 0.638773
11423, 1, 0.638773
12977, 1, 0.638773
13134, 1, 0.638773
13135, 1, 0.638773
14890, 1, 0.638773
14957, 1, 0.638773
15006, 1, 0.638773
15007, 1, 0.638773
15008, 1, 0.638773
15009, 1, 0.638773
13497, 0, 0.638751
13973, 0, 0.638751
13974, 0, 0.638751
9962, 0, 0.634171
11517, 0, 0.634171
11520, 0, 0.634171
11521, 0, 0.634171
11522, 0, 0.634171
12210, 0, 0.634171
14572, 0, 0.634171
14573, 0, 0.634171
5161, 1, 0.630716
5162, 1, 0.630716
5163, 1, 0.630716
12978, 1, 0.630716
13129, 1, 0.630716
13691, 1, 0.630716
13692, 1, 0.630716
13981, 1, 0.630716
13982, 1, 0.630716
14911, 1, 0.630716
14956, 1, 0.630716
13865, 0, 0.630694
13866, 0, 0.630694
13867, 0, 0.630694
2403, 0, 0.626114
2404, 0, 0.626114
7531, 0, 0.626114
9990, 0, 0.626114
9991, 0, 0.626114
12174, 0, 0.626114
12175, 0, 0.626114
12176, 0, 0.626114
12707, 0, 0.626114
1541, 1, 0.622660
7522, 1, 0.622660
7523, 1, 0.622660
11909, 1, 0.622660
11910, 1, 0.622660
11911, 1, 0.622660
13127, 1, 0.622660
13128, 1, 0.622660
13931, 1, 0.622660
13932, 1, 0.622660
13933, 1, 0.622660
13329, 0, 0.622638
13330, 0, 0.622638
13331, 0, 0.622638
13885, 0, 0.622638
13886, 0, 0.622638
15015, 0, 0.622638
15016, 0, 0.622638
15017, 0, 0.622638
15028, 0, 0.622638
15029, 0, 0.622638
15030, 0, 0.622638
15031, 0, 0.622638
11874, 0, 0.618058
11899, 0, 0.618058
11900, 0, 0.618058
12208, 0, 0.618058
12209, 0, 0.618058
12983, 0, 0.618058
12984, 0, 0.618058
13094, 0, 0.618058
13095, 0, 0.618058
13114, 0, 0.618058
13115, 0, 0.618058
1539, 1, 0.614603
1540, 1, 0.614603
1765, 1, 0.614603
1766, 1, 0.614603
2897, 1, 0.614603
6846, 1, 0.614603
6847, 1, 0.614603
6848, 1, 0.614603
13693, 1, 0.614603
14954, 1, 0.614603
6784, 0, 0.614581
6785, 0, 0.614581
12102, 0, 0.614581
12103, 0, 0.614581
12104, 0, 0.614581
12105, 0, 0.614581
13345, 0, 0.614581
13346, 0, 0.614581
13495, 0, 0.614581
13496, 0, 0.614581
13498, 0, 0.614581
7530, 0, 0.610001
10890, 0, 0.610001
13795, 0, 0.610001
13796, 0, 0.610001
13797, 0, 0.610001
14574, 0, 0.610001
14575, 0, 0.610001
1743, 1, 0.606547
1744, 1, 0.606547
13156, 1, 0.606547
13157, 1, 0.606547
11876, 0, 0.601945
11901, 0, 0.601945
13420, 0, 0.601945
13421, 0, 0.601945
13422, 0, 0.601945
2615, 1, 0.601923
2616, 1, 0.601923
3117, 1, 0.601923
5420, 1, 0.601923
7027, 1, 0.601923
8865, 1, 0.601923
11558, 1, 0.601923
11559, 1, 0.601923
12930, 1, 0.601923
14672, 1, 0.601923
14673, 1, 0.601923
6486, 3, 0.601832
7026, 3, 0.601832
10754, 3, 0.601832
10755, 3, 0.601832
10756, 3, 0.601832
